cell-type	jsd_median	jsd_lower	jsd_upper	corr_median	corr_lower	corr_upper	cell_class	neuron_type	n.umi	ele_gini	bri_gini	elegans_genes_detected_0.05	elegans_genes_detected_0.10	elegans_genes_maybe_0.05	elegans_genes_maybe_0.10	elegans_genes_ci_detected	elegans_cell_count	briggsae_genes_detected_0.05	briggsae_genes_detected_0.10	briggsae_genes_maybe_0.05	briggsae_genes_maybe_0.10	briggsae_genes_ci_detected	briggsae_cell_count	both_genes_detected_0.05	both_genes_maybe_0.05	both_genes_ci_detected	either_genes_detected_0.05	either_genes_maybe_0.05	either_genes_ci_detected	btwn_species_deg	deg_over_expressed_0.05	deg_over_expressed_0.10	deg_over_expressed_boot	num_elegans_markers	num_briggsae_markers	num_shared_markers	num_markers_in_either_with_species_specific_included	num_elegans_markers_just_common_genes	num_briggsae_markers_ust_common_genes	num_elegans_markers_just_private_genes	num_bri_markers_just_private_genes	num_either_markers_just_common_genes
germline	germline	0.332969849744513	0.333014013656006	0.336468856594572	0.892370425293238	0.892408995520183	0.895060400064197	Germline	NA	7383.61271676301	0.857628741577855	0.869441224269849	6051	5254	6706	5565	12011	1309	6869	5604	7469	5965	14392	2324	4890	5312	9002	6132	6659	11056	552	0.0912245909766981	0.105062809288161	0.0459578719507118	897	575	240	1232	738	447	159	128	945
BWM_headrow1	BWM_headrow1	0.338075679247957	0.338099779040343	0.340716717646097	0.867220291977658	0.867244972680596	0.868697310212973	Muscle and mesoderm	NA	1637.30913012221	0.908478476063465	0.908460113512092	3638	2115	4192	2451	10913	3734	3257	1793	3840	2157	10863	3221	2367	2872	7984	3970	4475	9726	448	0.137549892539146	0.249860568878974	0.0412409095093436	254	239	116	377	230	226	24	13	340
BWM_headrow2	BWM_headrow2	0.346398486756442	0.346448643597781	0.351142017539356	0.835781031019538	0.835832811649536	0.839548694266504	Muscle and mesoderm	NA	1371.2308984047	0.918813429110628	0.91888087283121	2967	1648	4356	2475	7288	598	2350	1213	3641	1931	6961	593	1732	2796	5425	3158	4485	7020	386	0.164255319148936	0.318219291014015	0.0554518029018819	225	250	110	365	204	227	21	23	321
P_cells	P_cells	0.346687680016607	0.346729093793481	0.351281440551838	0.853978434113368	0.854019196235338	0.85633183434981	Hypodermis and seam	NA	2303.06874287885	0.919153072641734	0.915272603347262	3921	2289	4608	2754	10956	2744	3695	2107	4441	2546	11094	2522	2689	3268	8052	4260	4944	9827	377	0.102029769959405	0.178927384907451	0.0344103687477181	361	310	212	459	330	286	31	24	404
pm3_pm4_pm5c	pm3_pm4_pm5c	0.348277692062897	0.342194657386399	0.356126688817352	0.822905257594336	0.816552316228109	0.828304680948017	Pharynx	NA	2431.78791208791	0.889030473796197	0.901443878430541	4057	2521	6067	3937	8035	331	4163	2593	5555	3651	8843	579	2964	4422	6348	4579	6056	8227	357	0.0879960561991619	0.141610472034907	0.0444306160547604	299	303	162	440	277	277	22	26	392
hyp7_AB_lineage	hyp7_AB_lineage	0.350753548561051	0.350844912469571	0.355743692058984	0.844874696695175	0.844939578874985	0.847938957563057	Hypodermis and seam	NA	2976.42340188108	0.905034419383469	0.905376590497781	4895	3165	5562	3681	11910	2762	4642	2905	5207	3383	12482	3511	3502	4015	8734	5125	5679	10580	376	0.0809995691512279	0.129432013769363	0.0315701091519731	355	305	196	464	323	282	32	23	409
pm7	pm7	0.356377729217944	0.35135884357244	0.362615947006157	0.809101351667352	0.803144140899159	0.814795115815685	Pharynx	NA	1636.8246628131	0.898443242870599	0.896854856571736	3360	1969	5826	3705	6274	198	3502	1920	5273	3381	6951	321	2384	4184	5004	3951	5811	6705	365	0.108630952380952	0.190104166666667	0.0581766018489002	269	251	142	378	248	233	21	18	339
hyp4_hyp5_hyp6	hyp4_hyp5_hyp6	0.358972531431541	0.359062540980418	0.364204094657972	0.838120685028507	0.838197179266911	0.841764515067582	Hypodermis and seam	NA	2729.64873254009	0.912204388414011	0.909842381021576	4206	2592	5483	3446	9254	840	4240	2551	5278	3339	10024	1093	3021	3986	7121	4647	5700	8980	384	0.0912981455064194	0.150529204233634	0.0414955694834666	404	355	220	539	366	325	38	30	471
hyp7_C_lineage	hyp7_C_lineage	0.359290810032724	0.359354145083682	0.363450344424112	0.843645446998649	0.843694362405466	0.846151269751327	Hypodermis and seam	NA	3894.565175922	0.909223925978608	0.901011209090029	5370	3607	5905	4019	13073	4127	5544	3906	5963	4290	14231	5309	4087	4485	9562	5690	6087	11289	330	0.0614525139664804	0.0914887718325478	0.0252428669777404	324	287	171	440	287	258	37	29	374
Intestine_middle_and_posterior	Intestine_middle_and_posterior	0.360969792745912	0.361058280631087	0.365163538362847	0.857040627851135	0.857076881457701	0.859072859657044	Intestine	NA	9740.15964101169	0.919844348659808	0.905075791666491	6654	5404	7085	5805	12697	2479	7071	5661	7906	6327	12686	1198	5135	5563	9165	6784	7293	10778	429	0.0644724977457169	0.0793856402664693	0.0338168059277944	639	593	349	883	536	518	103	75	705
BWM_anterior2	BWM_anterior2	0.367648257995355	0.367676737563495	0.370616331739683	0.839924743375661	0.839946500781382	0.841967549557626	Muscle and mesoderm	NA	1812.41649172894	0.940936989415604	0.929606694936524	2724	1579	3026	1716	12128	9100	2233	1155	2810	1406	10153	2809	1529	1861	8071	3066	3530	10189	486	0.217644424540976	0.420779220779221	0.0478676253324141	276	289	153	412	253	259	23	30	359
BWM_middle	BWM_middle	0.367959168251748	0.366341651546473	0.369721255618543	0.843527064660313	0.842138917332584	0.844817474989873	Muscle and mesoderm	NA	1659.50390434358	0.94496576494987	0.934864108055194	2438	1458	2650	1557	12649	15102	2197	1121	2624	1284	11515	5388	1445	1673	8833	2851	3205	10624	471	0.214383249886208	0.420160570918822	0.0409031697785497	321	288	160	449	297	257	24	31	394
BWM_anterior1	BWM_anterior1	0.368581245687194	0.368653478436253	0.372652962866393	0.834564036035791	0.83459499589569	0.837347154265359	Muscle and mesoderm	NA	1826.78830730266	0.93929181777969	0.932316544108403	2756	1608	3255	1871	10276	3440	2224	1151	3138	1568	8804	1298	1535	2100	7066	3090	3807	9133	455	0.204586330935252	0.395308427454387	0.0516810540663335	273	280	143	410	250	251	23	29	358
Intestine_middle	Intestine_middle	0.369807640017349	0.363514554019119	0.377130910301717	0.841416713519753	0.834744961544544	0.847443571688595	Intestine	NA	16342.565060241	0.914317840277022	0.908192758490827	7221	6160	8013	6844	11380	690	7341	5975	10160	8034	9523	140	5413	6369	7548	7080	8725	9623	364	0.0504085306744218	0.0609205020920502	0.038223248976163	685	678	383	980	565	571	120	107	753
Intestine_anterior	Intestine_anterior	0.37064679102102	0.370724737618573	0.37781205191938	0.843199516149518	0.843277042988172	0.846904511807978	Intestine	NA	11311.7649315069	0.908135766723376	0.895760031740338	7110	5818	7829	6474	12194	1093	7657	6338	8629	7120	12288	732	5504	6092	8878	7228	7888	10555	482	0.0677918424753868	0.0828463389480921	0.0395276365425619	665	579	346	898	549	504	116	75	707
mc2a	mc2a	0.370705279846489	0.360035062801164	0.382750889173298	0.814822817425057	0.807140948139617	0.821918112275159	Pharynx	NA	5196.19062027231	0.88461017844088	0.896617130415279	5219	3648	7485	5532	7877	211	5891	4348	7154	5626	9804	450	4185	5618	6445	5785	7186	8532	426	0.0816248323433608	0.116776315789474	0.0540815031103212	284	276	131	429	262	256	22	20	387
pm1_pm2	pm1_pm2	0.373565766263693	0.367037851700841	0.381067169106054	0.826398442797938	0.822507144350573	0.830366014608246	Pharynx	NA	8775.06589383771	0.895950230859398	0.906555759722892	5919	4260	6931	5303	10847	750	6408	4750	7518	5680	11979	889	4594	5457	8447	6504	7369	10309	499	0.0843047812130427	0.117136150234742	0.0460035032727943	414	387	234	567	384	360	30	27	510
BWM_posterior2	BWM_posterior2	0.374718221679208	0.374758867031857	0.378499550433659	0.832227896814431	0.83227862116099	0.834944116257387	Muscle and mesoderm	NA	1679.75583313693	0.941036244845805	0.935826411532048	2520	1470	3062	1673	9971	3081	1996	1043	2916	1443	8362	1162	1392	1943	6808	2793	3581	8865	457	0.228957915831663	0.438159156279962	0.0546519971298732	278	275	152	401	261	244	17	31	353
M_cell	M_cell	0.374838131505953	0.370186094386541	0.37982304666439	0.828781568218059	0.826024088290824	0.831591642150775	Muscle and mesoderm	NA	2621.64041316979	0.920797836574593	0.911651719924066	4279	2639	5356	3518	8754	879	3716	2077	5164	3081	8766	670	2662	3840	6560	4646	5635	8343	443	0.119214208826695	0.213288396726047	0.0506054375142792	269	268	152	385	252	250	17	18	350
BWM_posterior1	BWM_posterior1	0.37609265576469	0.37288027754649	0.379535056449123	0.826988836013	0.824246184269771	0.829540190650075	Muscle and mesoderm	NA	1697.46415250725	0.943331341652879	0.936830990099907	2373	1422	2864	1613	10097	3582	2185	1158	3144	1534	8677	1244	1418	1901	6988	2816	3643	9004	474	0.216933638443936	0.409326424870466	0.0546271752909992	272	268	148	392	252	240	20	28	344
BWM_headrow2_out	BWM_headrow2_out	0.377493713395173	0.377550244588372	0.381342706558082	0.833732639363513	0.833772222452318	0.836821497077277	Muscle and mesoderm	NA	1975.90566037736	0.939509043915791	0.933237338147478	2850	1733	3412	1998	10083	3078	2396	1305	3475	1807	8279	950	1637	2276	6755	3235	4066	8915	513	0.214106844741235	0.393103448275862	0.0619640053146515	320	284	145	459	296	257	24	27	408
BWM_headrow2_in	BWM_headrow2_in	0.37827125189677	0.378303688849433	0.381449054575104	0.83789827814826	0.837920615344897	0.840509973197837	Muscle and mesoderm	NA	1772.60509319063	0.938157498974533	0.931366099151433	2719	1615	3195	1844	10436	3939	2234	1206	3082	1555	8962	1480	1542	2051	7185	3065	3756	9185	500	0.223813786929275	0.414593698175788	0.0557911180540058	317	290	146	461	294	265	23	25	413
BWM_headrow1_2	BWM_headrow1_2	0.379768550961472	0.374423911372295	0.384864074742723	0.791710205766171	0.785207931249935	0.79775215005943	Muscle and mesoderm	NA	6578.27838258165	0.957016235018159	0.950805088876109	3925	2716	5279	3579	7742	488	4195	2642	7764	4973	7068	155	2720	4369	5461	4738	7227	7676	424	0.108025477707006	0.160484481453444	0.0599886813808715	289	312	172	429	267	279	22	33	374
mc3	mc3	0.38051410996289	0.373778299125051	0.38906185104466	0.769924282284495	0.761914770265676	0.777701540223052	Pharynx	NA	1341.19268292683	0.904464993619058	0.911932800295403	3029	1618	6166	3827	5495	142	2479	1249	4921	2479	6118	268	1772	3981	4254	3312	5978	6149	312	0.125857200484066	0.249799839871898	0.056778889899909	280	277	155	402	260	261	20	16	366
BWM_far_posterior	BWM_far_posterior	0.380696955829762	0.380799191255133	0.386106982225929	0.833169234488023	0.833199176608275	0.836296678219187	Muscle and mesoderm	NA	1394.06688619057	0.927654209922821	0.920451680914084	2563	1416	3097	1641	10334	3446	2279	1093	3230	1486	8902	1413	1475	2007	7110	3001	3797	9086	522	0.229047827994735	0.477584629460201	0.0586385082004044	270	250	148	372	245	227	25	23	324
Intestine_far_posterior	Intestine_far_posterior	0.384901302178974	0.379819407105675	0.390709304385132	0.839008378247269	0.835151725502137	0.842113607050789	Intestine	NA	9039.87230514096	0.915470887756101	0.903870604299982	6222	4929	7202	5771	10497	673	7309	6011	8593	6924	11558	533	4912	5749	8049	6866	7739	9884	497	0.0798778527804564	0.100831811726517	0.047346861007907	593	609	325	877	490	523	103	86	688
Excretory_cell	Excretory_cell	0.397569210353516	0.392465556432734	0.403008093805046	0.809274321818639	0.804789692207159	0.813581751732958	Rectal cells	NA	3979.90486604702	0.923778470412117	0.908579232859552	4591	3088	5472	3730	10546	1369	5027	3463	6748	4734	9373	460	3442	4426	7373	5341	6529	9528	561	0.122195600087127	0.181670984455959	0.0598527685906327	378	375	211	542	351	349	27	26	489
T	T	0.402604819824878	0.396577668461515	0.409196889243149	0.764325868076499	0.756843488415222	0.771525260481088	Hypodermis and seam	NA	1362.28070175439	0.916323437662186	0.910809473900258	2986	1657	6299	3825	4997	126	2394	1192	5566	2826	4927	159	1669	4294	3551	3217	6138	5321	295	0.123224728487886	0.24748322147651	0.0598741627765374	272	176	103	345	235	156	37	20	288
Hypodermis	Hypodermis	0.403907741965987	0.403989137980697	0.412498874965175	0.813194849603984	0.813248284983447	0.816451951093113	Hypodermis and seam	NA	2554.92730085073	0.94883380144671	0.933080587710378	2452	1362	2728	1507	13269	9734	3408	1782	4412	2296	11785	1903	1715	2047	9154	3652	4491	10992	423	0.172512234910277	0.31057268722467	0.0358930844293594	436	440	258	618	386	384	50	56	512
pm6	pm6	0.407379383992522	0.395603993332454	0.421871748986437	0.772413073018526	0.763751714455396	0.781199878903536	Pharynx	NA	1716.44936708861	0.892773012074485	0.896645565392873	3701	2090	6338	4077	6775	206	2998	1517	5525	2998	6697	268	2219	4346	5020	3956	6255	6875	380	0.126751167444963	0.25049439683586	0.0567418246976258	319	278	175	422	296	258	23	20	379
BWM_headrow1_in	BWM_headrow1_in	0.407874772093619	0.404807930388744	0.410609370151067	0.818211139099998	0.815246544789295	0.820936637729201	Muscle and mesoderm	NA	2429.82463276836	0.94447722824566	0.937727578720001	2875	1792	3361	2039	10474	3570	3122	1788	4409	2461	9027	855	1924	2555	7225	3622	4591	9368	523	0.181913043478261	0.292505592841163	0.0579372992134707	374	324	156	542	351	295	23	29	490
pm3_pm4_pm5a	pm3_pm4_pm5a	0.409200690317689	0.399160991875751	0.421862793503752	0.792482021827202	0.786375611496374	0.798536147189095	Pharynx	NA	2042.12249443207	0.911803638318361	0.914205242396065	2942	1714	4588	2592	8051	506	3353	1906	5441	3168	7938	392	2058	3488	6029	3766	5612	7962	564	0.191706322229776	0.329054842473746	0.0710506424792139	425	370	225	570	395	332	30	38	502
pm3_pm4_pm5b	pm3_pm4_pm5b	0.410629950710361	0.395741590251969	0.427903141906475	0.767956210171994	0.75787245813442	0.777724988147302	Pharynx	NA	2574.15129151292	0.892028851533269	0.908802185176228	4166	2606	6605	4342	7457	219	3405	1821	5420	3285	7382	323	2442	4300	5464	4538	6529	7637	532	0.156240822320117	0.29214717188358	0.0720671904632891	358	351	177	532	338	324	20	27	485
BWM_headrow1_out	BWM_headrow1_out	0.414442914238314	0.414484933391912	0.418169985831354	0.812130850225099	0.812193366702783	0.816040914868564	Muscle and mesoderm	NA	2283.35872917952	0.943757399472361	0.934844954443747	2852	1783	3401	2047	9905	2567	2817	1602	4261	2264	8366	675	1803	2507	6770	3457	4541	8906	566	0.200922967696131	0.35330836454432	0.0676547932106144	368	326	158	536	345	295	23	31	482
BWM_posterior_late	BWM_posterior_late	0.416710869836549	0.409892670024446	0.423405203240291	0.710152188000348	0.700756340319923	0.71955502601135	Muscle and mesoderm	NA	1957.47717842324	0.963818287094682	0.957775137122781	1814	1106	2753	1505	5997	597	1770	927	6003	2512	3984	126	1038	2263	3149	2290	5662	5895	445	0.251412429378531	0.480043149946063	0.111696787148594	283	274	151	406	262	244	21	30	355
mc1	mc1	0.419898346793132	0.411191348005493	0.429968136346364	0.750483031089433	0.741620559780139	0.758238938393853	Pharynx	NA	1271.80519480519	0.903317560838104	0.914015885364506	3048	1729	6344	4015	4897	110	2149	1111	4859	2480	5330	198	1579	3920	3663	3219	6061	5539	333	0.154955793392275	0.2997299729973	0.0680008168266285	249	248	128	369	230	229	19	19	331
GLR_1	GLR_1	0.420328308661835	0.414125760065885	0.426540687394505	0.80247160395696	0.797483018593079	0.807280464878259	Muscle and mesoderm	NA	1023.69092465753	0.891492514104357	0.897417831459506	2820	1387	4360	2218	7843	642	2311	1032	3902	1864	7111	526	1568	2885	5645	3141	4628	7366	513	0.221981826049329	0.497093023255814	0.0721417522148784	152	107	55	204	133	99	19	8	177
Z1_Z4	Z1_Z4	0.423510706079691	0.413119491819538	0.432862060843769	0.736052803458283	0.725817715516693	0.745769540522515	Muscle and mesoderm	NA	1417.19212962963	0.872855522767168	0.87645447157729	3433	1724	6223	3599	7080	232	2681	1225	5628	3061	6187	200	1766	4173	4730	3800	6300	6861	445	0.165982842223051	0.363265306122449	0.0719250040407306	147	180	32	295	112	156	35	24	236
OLQ	OLQ	0.424211908230128	0.424309234847061	0.431107070414341	0.79937206725986	0.799460803786148	0.804396371933382	Ciliated neurons	SN1	1128.84377224199	0.875655332735732	0.88926211628268	3126	1741	4140	2220	10110	1489	2921	1487	3932	2049	9332	1321	1918	2693	7197	3588	4613	9227	772	0.264293050325231	0.519166106254203	0.0827261037291042	358	207	137	428	317	186	41	21	366
mc2b	mc2b	0.426279905019869	0.410040293860284	0.443851105468187	0.767600498731362	0.759181097588349	0.775467873226383	Pharynx	NA	1460.19565217391	0.899919732515741	0.904331943315356	2914	1551	5654	3088	6544	238	2835	1492	5369	2835	6657	268	1843	4005	4897	3479	5925	6782	519	0.183068783068783	0.347855227882038	0.0793092909535452	379	355	174	560	356	321	23	34	503
GLR_2	GLR_2	0.426593082914359	0.420989766523546	0.432500016627408	0.799089099629557	0.794149297312767	0.803277340192861	Muscle and mesoderm	NA	927.331278890601	0.89879141575534	0.903732797098996	2481	1245	4006	2036	7242	580	2153	1024	3416	1640	7276	718	1398	2477	5492	2859	4295	7147	556	0.258244310264747	0.54296875	0.0767743717205192	174	133	53	254	153	119	21	14	219
g1P	g1P	0.429875889631178	0.418290793785907	0.441748225131954	0.714781708029005	0.703463031289102	0.725693605549076	Pharynx	NA	2383.04973357016	0.946943240094413	0.944956482335101	2129	1098	4081	2060	7051	347	2323	1140	5570	2631	6117	216	1261	3049	4560	2811	5656	7125	495	0.232503522780648	0.450819672131148	0.0809220205983325	181	171	81	271	150	147	31	24	216
DB	DB	0.43289487437504	0.427953071272988	0.437781701048473	0.797413988531802	0.792956443359216	0.801695238286654	Non-ciliated neurons	NA	1040.06060606061	0.886926047729048	0.894095494135627	2821	1521	3963	2184	8476	844	2337	1113	3770	1788	7747	674	1588	2622	6069	3139	4396	7991	618	0.264441591784339	0.555256064690027	0.0797728152833355	303	244	126	421	280	219	23	25	373
g1A	g1A	0.436639009984211	0.418416450836505	0.457332077617651	0.771243845382467	0.762315860772968	0.778928012471847	Pharynx	NA	1941.4476861167	0.942998409009761	0.933254027466774	2025	978	3582	1642	7910	572	2310	1157	4098	2045	7105	422	1258	2483	5536	2732	4535	7632	483	0.238518518518519	0.493865030674847	0.0679802955665025	154	175	86	243	133	154	21	21	201
BAG	BAG	0.438064487450052	0.432005635122183	0.444394039747364	0.755979197607889	0.748466625151447	0.762939625554558	Ciliated neurons	SN4	1471.00624349636	0.86093031809537	0.878106006793587	3858	2220	5639	3361	9282	525	2828	1348	4941	2505	8069	436	2006	3591	6373	4103	5946	8654	680	0.24045261669024	0.504451038575668	0.0842731441318627	482	358	216	624	441	319	41	39	544
IL2	IL2	0.439298451352972	0.433812910945968	0.445507372867648	0.763237367572362	0.757706441140779	0.768624658788806	Ciliated neurons	SN1	1152.8293395675	0.874955444560101	0.890059357644077	3023	1685	4056	2241	9879	1173	2467	1203	4270	2057	7911	538	1607	2696	6421	3428	4869	8912	786	0.31860559383867	0.653366583541147	0.09935532802427	480	320	211	589	441	284	39	36	514
Seam_cells	Seam_cells	0.439969986841511	0.433295538680164	0.447060937338076	0.832613782266192	0.830545750831608	0.834465228089799	Hypodermis and seam	NA	3555.64073685215	0.943825832305947	0.936770297455382	3599	2110	3988	2324	13152	7295	4083	2325	4777	2769	12528	3182	2524	2925	9333	4515	5070	11029	404	0.112253403723256	0.191469194312796	0.0322477650063857	382	394	227	549	331	335	51	59	439
Pharyngeal_intestinal_valve	Pharyngeal_intestinal_valve	0.441149333467178	0.42895987869388	0.455458888932066	0.754318659492977	0.746018267297531	0.761459922736274	Pharynx	NA	2040.43946188341	0.899959984250927	0.900416065658533	3522	2066	5230	3024	9254	561	2954	1552	5293	2832	7572	331	2032	3660	6088	3936	5843	8528	590	0.199729180771835	0.380154639175258	0.077918647649234	425	370	214	581	391	341	34	29	518
Anterior_arcade_cell	Anterior_arcade_cell	0.442323531707476	0.433157162127205	0.453297353015428	0.680377394046459	0.669332993228476	0.689859379804567	Pharynx	NA	1180.41343963554	0.932623888531793	0.934102648536964	1774	909	2778	1389	7713	700	1407	621	4810	1929	4797	178	846	2049	3904	2080	4857	7233	453	0.321961620469083	0.729468599033816	0.0944340212632895	330	239	136	433	300	212	30	27	376
ASH	ASH	0.443736841984919	0.437648814966348	0.450372539806381	0.749293922503914	0.744196539700231	0.754860954048843	Ciliated neurons	SN5	1100.76699770817	0.876522983570339	0.884744439107635	3145	1809	4441	2541	8820	737	2476	1199	4095	2029	7853	572	1600	2742	6013	3466	4887	8302	801	0.323505654281099	0.668056713928274	0.101999235960779	588	402	217	773	501	335	87	67	619
DA	DA	0.444333351658709	0.444383930435382	0.450982764485584	0.797576156339001	0.797639349103784	0.802970979442122	Non-ciliated neurons	NA	1124.31852599697	0.883986203431505	0.893924410670706	2872	1572	3919	2085	9234	1241	2718	1388	4103	2123	8044	740	1742	2687	6380	3356	4579	8462	708	0.260485651214128	0.510086455331412	0.0880159124813526	351	230	125	456	323	202	28	28	400
RIS	RIS	0.445475195023634	0.437689749455074	0.456782455702232	0.698843555165933	0.689326817639151	0.709083179953157	Non-ciliated neurons	IN3	954.311444652908	0.896825574713603	0.90450864703314	2241	1226	4112	2076	6595	368	1681	811	4638	2237	4625	165	1051	2833	3690	2584	5066	6342	484	0.287923854848305	0.596794081381011	0.104648648648649	375	266	143	498	351	239	24	27	447
Coelomocytes	Coelomocytes	0.447315415592137	0.447403387188919	0.452216069747189	0.805084942300771	0.805114037866049	0.807961080018037	Muscle and mesoderm	NA	1174.06019321278	0.913203236426853	0.911691249562864	2582	1358	3322	1685	10221	2442	2211	995	3038	1363	9116	1595	1398	1973	7089	3008	3852	9152	565	0.255540479421076	0.5678391959799	0.0619789381307591	249	214	87	376	205	187	44	27	305
mu_int_mu_anal	mu_int_mu_anal	0.447334110647397	0.441536855753882	0.452790472962504	0.758715807875291	0.753891239993078	0.763702149582191	Muscle and mesoderm	NA	1173.24202733485	0.932833446917243	0.925515604275915	1966	1158	2811	1508	8211	1097	1870	952	3118	1461	7644	659	1086	1783	5837	2431	3644	7972	606	0.324064171122995	0.636554621848739	0.0792778649921507	318	267	145	440	292	233	26	34	380
AVK	AVK	0.448151318950138	0.442329890508014	0.454340055776329	0.764002336569999	0.758984689093265	0.769319671766644	Non-ciliated neurons	IN2	988.453573814295	0.900642513799653	0.904563021222316	2385	1340	3267	1755	8720	1077	1889	876	3597	1629	6785	420	1219	2170	5558	2749	4133	8036	699	0.370037056643727	0.797945205479452	0.103021370670597	375	233	139	469	356	210	19	23	427
URX	URX	0.449151031979337	0.44935269722273	0.459651096674932	0.761901241108285	0.761985843435582	0.768436869663178	Ciliated neurons	SN4	1163.12883051907	0.878661709604557	0.888395285324577	3124	1747	4334	2374	9601	1042	2541	1238	4168	2074	7678	557	1671	2777	6204	3504	4905	8633	843	0.331759149940968	0.680936995153473	0.109794217244074	391	233	145	479	358	207	33	26	420
CEPso	CEPso	0.450178560386528	0.450296244930809	0.459109063977013	0.736278527277792	0.736316752763461	0.74377997662864	Glia and excretory	NA	890.632690541781	0.898481933742914	0.901520041961589	1950	1025	3052	1478	8149	754	1967	827	4230	1877	6539	335	1086	2170	5243	2525	4450	7614	584	0.29948717948718	0.706166868198307	0.0893102920935923	399	233	157	475	367	221	32	12	431
RIC	RIC	0.450330449193796	0.444457353244512	0.456861254346294	0.781611594569207	0.775962055738554	0.786358577852154	Non-ciliated neurons	IN2	1071.72627235213	0.873572028353919	0.889518702069154	3126	1709	4401	2457	8540	805	2656	1261	4060	2080	7887	649	1784	2874	6160	3491	4798	8076	764	0.287650602409639	0.605868358445678	0.096868264232281	299	154	64	389	271	135	28	19	342
ASE	ASE	0.452123389931006	0.446520541825311	0.457920268458724	0.765688310624876	0.760532519010963	0.770576301459913	Ciliated neurons	SN6	1452.81500781657	0.870979688859279	0.883336803354496	3856	2276	4936	2969	10379	1209	2972	1536	4484	2340	8648	710	2032	3110	6825	4151	5329	9202	915	0.307873485868102	0.595703125	0.105804810360777	608	380	209	779	533	316	75	64	640
AMsh	AMsh	0.456156548252941	0.451304960515695	0.461319011982472	0.799212981108062	0.796140314242457	0.802573006464732	Glia and excretory	NA	2138.81416633506	0.920862918442594	0.907949089169392	3595	2131	4374	2661	10171	1696	3082	1601	4468	2378	8884	817	2065	2992	6980	4044	5021	9126	680	0.220635950681376	0.42473454091193	0.0765420981539847	446	348	156	638	385	294	61	54	523
AWA	AWA	0.457940546825925	0.451759726241358	0.465449886771688	0.746069558191564	0.739614554892708	0.75246617101553	Ciliated neurons	SN6	981.880373831776	0.865177960484516	0.886018731258446	2949	1603	4483	2380	8667	645	1938	879	3784	1734	6979	425	1287	2635	5526	3107	4752	7981	639	0.329721362229102	0.726962457337884	0.0915603954721307	460	308	151	617	394	240	66	68	483
hyp1_hyp2	hyp1_hyp2	0.45806512376138	0.458303846324007	0.473388744265982	0.715309119893614	0.715414293521417	0.723958008230981	Hypodermis and seam	NA	1207.51179245283	0.939387749508455	0.930206162876061	1690	897	2519	1268	8350	924	1484	627	3423	1352	6359	348	835	1665	5081	2095	3797	7855	520	0.350404312668464	0.829346092503987	0.0817738638150653	316	226	138	404	295	211	21	15	368
hmc_and_hmc_homolog	hmc_and_hmc_homolog	0.458484976170168	0.453167960711987	0.463913252474874	0.765361526801524	0.759760927525637	0.770494686943664	Muscle and mesoderm	NA	979.493129770992	0.899463728340493	0.889167612005394	2671	1434	4620	2552	6288	306	2106	1003	4022	1935	6301	349	1346	2909	4615	2994	4867	6423	571	0.271130104463438	0.569292123629113	0.0908078880407125	288	157	53	392	251	133	37	24	331
OLL	OLL	0.458502140993251	0.450444715015778	0.466820788312343	0.766771320924637	0.760470752518924	0.773366445806021	Ciliated neurons	SN1	1015.60079840319	0.876121175385606	0.887012907286817	2894	1638	4160	2265	8913	885	2524	1234	3972	2050	7526	618	1607	2666	6032	3344	4709	8203	889	0.352218700475436	0.720421393841167	0.118123837363805	463	224	134	553	423	196	40	28	485
Rectal_gland	Rectal_gland	0.46080677830856	0.447390209137533	0.476114248567115	0.745497187803939	0.739301765044014	0.752281112286345	Rectal cells	NA	3073.21291696238	0.898275034451899	0.890691704384608	4730	2972	6098	3919	10810	900	3585	1726	5688	2973	9019	509	2522	4032	7110	4975	6458	9594	726	0.202510460251046	0.420625724217845	0.0804967291273977	358	276	116	518	308	241	50	35	433
ALM_PLM	ALM_PLM	0.461603160274258	0.453129885628915	0.470439668990621	0.721732688472363	0.715220340237204	0.728958083336773	Non-ciliated neurons	NA	994.260089686099	0.90998532617516	0.910223361808107	2073	1127	3199	1636	8054	767	1719	776	3634	1582	6238	348	999	2045	4985	2524	4212	7668	714	0.415357766143106	0.920103092783505	0.114459762744469	318	213	104	427	297	187	21	26	380
ADL	ADL	0.461905155543039	0.455448430244908	0.468356884574453	0.767289787326336	0.762609031318616	0.771892673142838	Ciliated neurons	SN5	1439.08924587238	0.865920291179464	0.878905102448925	3998	2418	4954	3023	10901	1557	3047	1541	4581	2396	8703	684	2057	3109	6825	4214	5314	9362	931	0.305546439120446	0.604153147306944	0.106974606457543	615	328	189	754	514	261	101	67	586
ADF	ADF	0.462244701202518	0.456255208468065	0.468979666019369	0.713737886203462	0.706333065860426	0.720493557097599	Ciliated neurons	SN6	1037.52851182197	0.884692227612959	0.896000665604106	2585	1470	4310	2368	7422	427	1946	941	4471	1946	6302	292	1204	2760	4718	2855	5015	7232	707	0.363309352517986	0.751328374070138	0.112186607426214	609	425	231	803	520	341	89	84	630
ASJ	ASJ	0.462491135135822	0.455598037519111	0.469476183953732	0.759503725631684	0.754446023876655	0.764079700682336	Ciliated neurons	SN6	1289.57787481805	0.868023782755699	0.876099015522414	3682	2136	4578	2722	10532	1528	2744	1341	4656	2313	8159	533	1811	2957	6507	3918	5210	9129	918	0.334548104956268	0.684563758389262	0.112513788454467	583	337	177	743	484	269	99	68	576
Posterior_arcade_cell	Posterior_arcade_cell	0.462825553111417	0.456566679033118	0.469224115451503	0.740031868570135	0.734079316132716	0.74587910144733	Pharynx	NA	1093.17134502924	0.924564603207386	0.929476359381624	1874	987	2590	1319	9300	1256	1473	614	3052	1224	6909	454	911	1653	5686	2159	3538	8434	501	0.340122199592668	0.815960912052117	0.0725141120277898	367	249	144	472	329	223	38	26	408
AWC	AWC	0.463245664363301	0.457441791397559	0.469243771746325	0.739752846826193	0.733765009894108	0.745299531437663	Ciliated neurons	SN6	1060.39160839161	0.873184800499075	0.884762969187477	2942	1663	4174	2347	8942	835	2142	1037	4561	2142	6620	309	1399	2793	5399	3211	5012	8117	759	0.354341736694678	0.73191899710704	0.114652567975831	583	412	231	764	520	346	63	66	635
RIM	RIM	0.469045551873288	0.461947787543347	0.476433849977282	0.738650529354918	0.731269315348966	0.745950947396513	Non-ciliated neurons	IN1	952.952996474736	0.885071322264366	0.885168142788416	2435	1366	3855	2022	7653	554	2099	981	4382	2099	6411	297	1258	2645	5088	2934	4859	7391	763	0.363506431634112	0.777777777777778	0.119014194353455	465	293	177	581	436	267	29	26	526
AMso	AMso	0.469179032915128	0.457949780444948	0.482721089533734	0.700769288973288	0.691918069844098	0.709345161958382	Glia and excretory	NA	1200.56088560886	0.93210800395434	0.922344800758992	1772	980	2883	1455	7346	600	1741	770	4959	2038	5575	213	956	2182	4341	2296	4953	7135	582	0.334290637564618	0.755844155844156	0.104394618834081	393	321	203	511	365	304	28	17	466
RIH	RIH	0.470956692249909	0.464521832685885	0.478108250030323	0.740781526970505	0.733949020013484	0.746960944324712	Non-ciliated neurons	IN4	934.94294770206	0.877547106946395	0.886633323838851	2655	1456	4671	2496	6866	359	1966	896	4171	1966	5836	272	1332	3017	4555	2908	4960	6677	557	0.283316378433367	0.621651785714286	0.0954420836189171	335	208	108	435	310	183	25	25	385
ILsh_OLLsh_OLQsh	ILsh_OLLsh_OLQsh	0.471135681822938	0.462607027176689	0.481077180132529	0.706277872012108	0.696754160353962	0.714769031101299	Glia and excretory	NA	889.030346820809	0.897529806293733	0.899713656262975	1839	942	3443	1547	7311	484	2001	813	4985	2162	5557	208	1033	2556	4412	2499	5045	6973	517	0.281131049483415	0.635916359163592	0.0930358106892208	324	193	114	403	300	172	24	21	358
ALM_BDU	ALM_BDU	0.471544871651334	0.471696262282647	0.480446761297031	0.781989114117147	0.782109244026062	0.788728313990206	Non-ciliated neurons	NA	997.447889750215	0.890704991262623	0.904094869087544	2733	1434	4218	2239	7343	576	2291	1151	3676	1856	6843	585	1494	2632	5298	3117	4541	7125	752	0.328240942819729	0.653344917463076	0.109893321642554	178	105	40	243	159	89	19	16	208
B_F_K_Kp_U_Y	B_F_K_Kp_U_Y	0.471636457103305	0.456430410822974	0.4875273579292	0.764957296559069	0.757315742218169	0.771751047974649	Rectal cells	NA	3136.51398384089	0.905692205761738	0.889442355147366	4342	2597	5588	3367	11256	1246	3991	2226	6333	3762	8791	363	2722	4187	7234	4933	6535	9771	694	0.17389125532448	0.311769991015274	0.0789443749289046	343	301	148	496	311	273	32	28	436
ILso	ILso	0.472436698140702	0.458875590068478	0.48921012023164	0.731322349933815	0.722930948528909	0.738866875779729	Glia and excretory	NA	1059.67361111111	0.912897734471017	0.908674916744985	1959	989	3121	1498	8341	733	1844	782	4347	1973	6303	275	1113	2243	5135	2405	4531	7712	532	0.288503253796095	0.680306905370844	0.084404251943519	374	271	161	484	344	246	30	25	429
IL1	IL1	0.475177086338559	0.475305675690544	0.486446070417428	0.708923879663092	0.709017264051081	0.7181464361063	Ciliated neurons	SN1	864.37216828479	0.878644618461976	0.893878899817764	2249	1281	3466	1825	8256	675	1851	838	4206	1970	5697	252	1124	2363	4632	2645	4607	7678	733	0.396002160994057	0.874701670644391	0.12866420923293	498	303	192	609	462	270	36	33	540
mu_sph	mu_sph	0.475388561174313	0.469181655147718	0.48226854510172	0.699414385891401	0.690958353258153	0.706670050163154	Muscle and mesoderm	NA	1059.74332909784	0.931781678715879	0.926509654448864	1854	1063	3006	1524	6610	594	1378	721	3911	1775	4505	193	851	2026	3593	2151	4292	6422	594	0.431059506531205	0.823855755894591	0.131853496115427	296	260	123	433	273	227	23	33	377
DVA	DVA	0.475543065213732	0.467462880975463	0.483927393301654	0.727882685163778	0.719815773192993	0.735123674731869	Non-ciliated neurons	SN3	981.578181818182	0.887404629735556	0.9038743630108	2448	1419	4435	2448	6327	310	1946	875	4655	2073	5644	240	1227	3034	4230	2862	5238	6509	649	0.333504624871531	0.741714285714286	0.114989369241673	461	273	170	564	434	250	27	23	514
AVA	AVA	0.479790898728176	0.468338255952843	0.492723787704039	0.705886429516565	0.695243920816527	0.714907481725283	Non-ciliated neurons	IN1	915.193043478261	0.885087309085975	0.892045185007419	2314	1274	4067	2124	6927	404	1763	781	4860	2131	4845	171	1128	2900	3913	2624	5167	6591	486	0.275666477595009	0.622279129321383	0.10030959752322	430	237	141	526	399	214	31	23	472
ASI	ASI	0.480829792039869	0.475271419240025	0.486954803826287	0.734226139143049	0.728434667410332	0.739680678781919	Ciliated neurons	SN6	1010.21514629948	0.876086008136554	0.894844219175411	2905	1617	4107	2294	8640	825	2021	933	4167	1833	6499	337	1231	2552	5132	3149	4744	7825	825	0.408213755566551	0.884244372990354	0.126942606554855	569	410	177	802	472	293	97	117	588
RMD	RMD	0.482423991070431	0.473871551041887	0.491363088710405	0.713285276378427	0.704140458578319	0.72198324804588	Non-ciliated neurons	head_motor_neurons	973.206561360875	0.883758354864085	0.887966648642987	2380	1344	3724	1970	8086	653	2005	929	5211	2449	5192	170	1236	2779	4359	2825	5309	7433	659	0.328678304239401	0.709364908503768	0.126926040061633	428	238	149	517	400	218	28	20	469
AWB	AWB	0.482464139633074	0.474158237950361	0.491602399803386	0.684154736874179	0.673539472242804	0.693698783367555	Ciliated neurons	SN6	918.317580340265	0.876254636940075	0.892712591347617	2349	1257	4172	2131	7084	371	1888	815	5585	2275	4771	158	1154	3068	3757	2689	5616	6743	499	0.264300847457627	0.612269938650307	0.104590232655628	473	328	186	615	419	273	54	55	506
ASG	ASG	0.484812715615379	0.477704204065275	0.492568507382756	0.700556278924942	0.692249552332788	0.709092219084381	Ciliated neurons	SN6	973.25993883792	0.878939819294374	0.895919757698266	2571	1430	4328	2296	7456	432	1844	811	4245	1953	5364	222	1148	2714	4208	2836	4955	7050	619	0.335683297180043	0.763255240443896	0.115398956002983	523	368	206	685	455	302	68	66	551
AVE	AVE	0.484909226598791	0.475954736839824	0.494893693620181	0.718153898163379	0.70926033176269	0.726385016552869	Non-ciliated neurons	IN1	876.05728314239	0.881051545100718	0.896186743940689	2373	1323	4108	2180	6930	400	1644	755	4457	1928	5015	211	1070	2804	4042	2619	4961	6595	558	0.339416058394161	0.739072847682119	0.111266201395813	346	170	96	420	319	152	27	18	375
DA_DB	DA_DB	0.486583536318031	0.478626474055445	0.494792055242431	0.715021329453971	0.707155068433637	0.722513845939	Non-ciliated neurons	NA	964.493922651934	0.905425203312006	0.89969367827598	2123	1224	3128	1721	7785	734	1809	830	4920	2183	4893	171	1139	2362	4076	2512	4930	7202	587	0.32448866777225	0.707228915662651	0.119967300224811	517	350	238	629	483	325	34	25	570
CEPsh	CEPsh	0.486979500632514	0.479388571296008	0.494863546912609	0.714842677589774	0.705447520209865	0.724159093733095	Glia and excretory	NA	903.648447204969	0.895303311934526	0.903099169679763	1876	944	3392	1551	7597	538	1817	772	4472	1817	5982	267	1030	2393	4721	2386	4721	7221	530	0.291689598238855	0.686528497409326	0.0885991307255099	312	194	123	383	288	179	24	15	344
Arcade_cell	Arcade_cell	0.487791871933927	0.466278751986295	0.513208675775892	0.657510650934091	0.634587478712323	0.678637380744537	Pharynx	NA	13135.0494505494	0.947775993419441	0.929340936241829	3582	2114	6442	3712	8757	277	5305	2762	13141	8721	8708	87	2539	5517	6313	5512	10533	8987	370	0.103294249022892	0.175023651844844	0.0424896646761599	354	293	163	484	314	253	40	40	404
AVL	AVL	0.487870582015699	0.477078944802529	0.50031427670713	0.724409045416307	0.715369062467537	0.732266167119544	Non-ciliated neurons	IN2	1138.68884892086	0.885894414468112	0.890430169190722	2790	1628	4862	2694	7080	358	2091	1026	4865	2394	5422	198	1398	3291	4348	3098	5493	6787	606	0.289813486370158	0.590643274853801	0.111766875691627	379	277	146	510	362	253	17	24	469
PVR	PVR	0.488040858398445	0.476724783529839	0.499964531575267	0.745624377151942	0.737702678874483	0.753411021421895	Non-ciliated neurons	IN3	1074.11397058824	0.879106627239935	0.895547287733734	3047	1603	5218	2930	6733	320	2265	1067	4617	2420	5484	224	1521	3417	4331	3310	5387	6432	646	0.285209713024283	0.60543580131209	0.117797228300511	225	96	33	288	191	76	34	20	234
g2	g2	0.490834881622844	0.478408556677514	0.505366774062774	0.628121901357739	0.609964001360413	0.64578403766448	Pharynx	NA	1106.04166666667	0.888030407386395	0.927720517119951	1889	902	7217	2759	4901	134	1447	603	7372	2751	3354	106	867	4972	2447	2189	7738	5021	114	0.0787836903939185	0.189054726368159	0.0339892665474061	171	154	71	254	153	135	18	19	217
CEP	CEP	0.491019718211733	0.482373813326137	0.500391096734827	0.716942630212517	0.708858726102205	0.72497978496917	Ciliated neurons	SN1	910.40676416819	0.887035779123153	0.893518864214911	2231	1231	3273	1719	8605	863	1952	912	4691	2071	5746	231	1135	2360	4765	2719	4840	7854	785	0.402151639344262	0.860745614035088	0.13661677688827	427	269	163	533	390	242	37	27	469
pm8	pm8	0.492055692861198	0.475841609276465	0.511236577312717	0.640164503615644	0.616934394878122	0.657971114104506	Pharynx	NA	1481.51041666667	0.910916277533147	0.915867534646054	2400	1343	20222	6808	3005	45	2226	1042	22401	4644	2765	51	1343	12803	1738	2948	12803	3575	48	0.0215633423180593	0.0460652591170825	0.0173598553345389	243	242	124	361	225	227	18	15	328
AIY	AIY	0.492587398493449	0.484307813557416	0.501765768374903	0.719658499766552	0.7119510911366	0.727049024071793	Non-ciliated neurons	IN3	1033.58907103825	0.885066850124076	0.890165795155553	2565	1464	3932	2135	8186	639	1892	868	4195	1979	6050	276	1183	2506	4913	2938	4893	7698	718	0.379492600422833	0.827188940092166	0.118677685950413	388	267	142	513	366	240	22	27	464
RIA	RIA	0.492612237078141	0.483503338844883	0.501908302187531	0.709914314661751	0.69996839390492	0.718995404592651	Non-ciliated neurons	IN2	1304.63967611336	0.881317210319821	0.89462500791501	3197	1871	4730	2762	8240	532	1880	897	4893	2174	5501	209	1321	3146	4585	3358	5596	7610	698	0.371276595744681	0.778149386845039	0.126886020723505	506	264	169	601	477	240	29	24	548
SMB	SMB	0.493617187993594	0.493791334441495	0.505060036847053	0.702457811325515	0.702614332643812	0.713325823978625	Non-ciliated neurons	sublateral_motor_neurons	854.446457990115	0.881786890932062	0.895094845554013	2277	1230	3836	1981	7048	454	1782	789	5311	2418	4525	153	1099	2842	3691	2635	5369	6628	485	0.272166105499439	0.614702154626109	0.107182320441989	374	152	99	427	349	132	25	20	382
RME	RME	0.496514351596459	0.487265050723691	0.506772895125901	0.684475233570903	0.675670050911853	0.692923484917312	Non-ciliated neurons	head_motor_neurons	1065.00744416873	0.884199169485555	0.897680453814246	2578	1437	4035	2097	8339	632	2003	908	5067	2379	5039	174	1222	2763	4192	2997	5462	7671	712	0.3554667998003	0.784140969162996	0.14129787656281	417	239	129	527	394	221	23	18	486
AVB	AVB	0.496891028234643	0.487419695685717	0.507007204249229	0.718766260207164	0.709796409822125	0.726830210658928	Non-ciliated neurons	IN1	907.268322981367	0.889544657877423	0.889238659538478	2253	1312	3499	1919	7599	616	1859	827	5121	2227	5092	189	1135	2628	4190	2672	5158	7125	680	0.36578805809575	0.822249093107618	0.133542812254517	458	203	136	525	421	186	37	17	471
AFD	AFD	0.496907014402734	0.491270884517865	0.502591333052465	0.740653520422914	0.733978374450984	0.746345590587971	Ciliated neurons	SN6	1117.26998223801	0.876201482384886	0.884120565103331	2896	1582	4391	2381	8778	647	2499	1178	4440	2138	7886	479	1525	2838	6010	3334	5056	8279	775	0.310124049619848	0.657894736842105	0.0982754248034492	534	378	186	726	463	309	71	69	586
RIV	RIV	0.497840384807076	0.486531020196591	0.51027387286604	0.685135694693849	0.674081632012332	0.694335908655464	Non-ciliated neurons	head_motor_neurons	1201.85344827586	0.890741823128565	0.898086324554015	2742	1594	4988	2742	6746	295	1972	973	5002	2556	4993	169	1271	3256	3892	3076	5769	6657	625	0.316937119675456	0.642343268242549	0.125175245343481	516	300	171	645	488	267	28	33	584
AVG	AVG	0.502632384638335	0.492407413619134	0.513221306962602	0.728684888079363	0.719791034256044	0.737747553200474	Non-ciliated neurons	IN3	1803.54530477759	0.888660537229271	0.893929254291152	3435	2088	5186	3122	7722	417	3850	2255	6800	4249	6787	190	2278	4072	5228	4360	6577	7548	975	0.283842794759825	0.466954022988506	0.14365699130691	538	388	194	732	493	346	45	42	645
ASK	ASK	0.5028830514063	0.493821854443629	0.512392886980922	0.691115730837983	0.682787546757225	0.699019451784849	Ciliated neurons	SN6	1043.01853759011	0.881094695453839	0.892076090180581	2839	1592	3969	2265	8528	798	1881	850	4997	2237	4988	173	1169	2693	4140	3055	5223	7553	789	0.419457735247209	0.928235294117647	0.158179631114675	679	351	196	834	583	279	96	72	666
ADE	ADE	0.503029095796533	0.4926610662052	0.514406529385172	0.702962167184253	0.692132183414978	0.713242630630456	Ciliated neurons	SN3	1023.37614678899	0.88245452093679	0.897356462047355	2584	1402	4479	2363	7288	414	1951	932	6305	3021	4493	131	1269	3498	3758	2894	6078	6720	503	0.25781650435674	0.539699570815451	0.111951925217004	352	170	106	416	317	152	35	18	363
CAN	CAN	0.504188689990664	0.50425007543348	0.509633801270581	0.744353725645423	0.744412526643793	0.751594374048919	Non-ciliated neurons	NA	1170.87663107948	0.898397609836934	0.90836628328293	2557	1395	3570	1901	9727	1140	2008	916	3687	1657	7611	546	1270	2246	6193	2926	4368	8742	668	0.332669322709163	0.729257641921397	0.0877677046380239	310	171	70	411	272	153	38	18	355
SIB	SIB	0.505740923203673	0.496919743115693	0.516153855287785	0.671154218911978	0.659086379367764	0.682369858242343	Non-ciliated neurons	sublateral_motor_neurons	813.914563106796	0.881928894663133	0.896611020316413	2178	1145	3682	1899	6808	423	1564	742	7424	3211	3200	92	1001	3048	2722	2441	6679	6259	294	0.187979539641944	0.39622641509434	0.091875	367	199	115	451	346	177	21	22	408
mu_int_mu_anal_related	mu_int_mu_anal_related	0.50652853450378	0.499074625745137	0.514905924224377	0.625977644431289	0.613645625875399	0.637617890061306	Muscle and mesoderm	NA	1056.5775862069	0.926475676815471	0.937447944855421	1815	1048	3668	1815	4957	257	1456	717	7090	2884	2870	91	858	2886	2127	2145	6594	4968	382	0.262362637362637	0.532775453277545	0.133101045296167	306	280	127	459	285	249	21	31	407
Tail_hypodermis	Tail_hypodermis	0.507351087666223	0.499254042996436	0.515803798639792	0.790285274147116	0.78596124380958	0.794288318730908	Hypodermis and seam	NA	2191.79739978332	0.901605475510109	0.889666173838123	4018	2296	4870	2805	11327	2351	3794	2080	4840	2736	10275	1341	2569	3378	7874	4585	5438	9913	726	0.191354770690564	0.349038461538462	0.0706569343065693	394	293	141	546	364	275	30	18	498
SMD	SMD	0.507416888208251	0.496857273301622	0.518438204198954	0.672915896789816	0.659427342093376	0.685299974459612	Non-ciliated neurons	sublateral_motor_neurons	880.042654028436	0.885964469553755	0.892802241336994	2004	1129	3826	1923	6206	326	1976	935	8020	3168	3797	96	1091	3258	3041	2595	7085	5996	385	0.194838056680162	0.411764705882353	0.101395838820121	393	261	136	518	367	227	26	34	458
RID	RID	0.510831609859812	0.511049433787868	0.531025882534388	0.7091299496474	0.709377975009597	0.721492753174089	Non-ciliated neurons	IN1	1019.25149700599	0.887612295125564	0.893162672958624	2640	1447	4734	2640	6581	299	2150	997	4758	2475	5245	202	1330	3197	4127	3071	5341	6409	612	0.284651162790698	0.613841524573721	0.116682554814109	285	112	52	345	259	99	26	13	306
AIM	AIM	0.511389518965321	0.501723825286665	0.521506450038516	0.674600219559049	0.663388663521054	0.685676282511164	Non-ciliated neurons	IN4	805.739659367397	0.889891156391059	0.89541022727758	1952	1089	3955	1952	5697	278	1636	733	6027	2318	4157	133	943	3063	3147	2355	5867	5739	410	0.250611246943765	0.559345156889495	0.0986288188597546	365	178	108	435	342	160	23	18	394
PVQ_and_possibly_PVC	PVQ_and_possibly_PVC	0.511889357717687	0.505042740608813	0.519024105777347	0.68202536956675	0.671542459905027	0.691367285612706	Non-ciliated neurons	IN3	880.289617486339	0.889179345286266	0.901039759687592	2274	1309	4123	2198	6320	342	1724	764	4379	1849	4933	207	1037	2669	3729	2657	5061	6385	685	0.397331786542923	0.896596858638743	0.138860733833367	472	265	146	591	441	236	31	29	531
RMG	RMG	0.514613380163943	0.504459074376959	0.527349744352301	0.66360949072905	0.65327940846412	0.673932719762509	Non-ciliated neurons	IN2	970.02140077821	0.895482337273961	0.90429823605416	2285	1308	3936	2106	6539	382	1579	753	6222	2678	4201	132	961	3025	3308	2615	6087	6364	579	0.366687777074098	0.768924302788845	0.137824327541062	413	231	120	524	386	209	27	22	475
RIB	RIB	0.516192325868486	0.505761041293889	0.527884111280077	0.661896160727071	0.651687318913685	0.672115033513756	Non-ciliated neurons	IN2	834.194373401535	0.883446191250869	0.898938407125115	2144	1199	4323	2267	5760	249	1665	746	4941	2391	4177	142	986	2956	3168	2524	5401	5792	448	0.269069069069069	0.600536193029491	0.107254010055063	451	214	126	539	419	194	32	20	487
hmc	hmc	0.519432112676139	0.514564447627438	0.524414350906798	0.712786215179069	0.706462620896221	0.718933327936362	Muscle and mesoderm	NA	1167.2956937799	0.914447563480167	0.908649986624141	2529	1508	3692	2067	7793	715	1837	954	3795	1760	6169	330	1155	2289	4853	2830	4494	7397	762	0.414806750136091	0.79874213836478	0.123520829956233	368	321	119	570	325	282	43	39	488
SIA	SIA	0.519848240105377	0.51201138947533	0.527868300006988	0.697395569480322	0.688454524055248	0.70542580797845	Non-ciliated neurons	sublateral_motor_neurons	869.254658385093	0.89198490896149	0.902514889721147	2198	1222	3428	1837	7395	626	1591	720	4740	2069	4729	179	990	2465	3906	2513	4940	6934	626	0.393463230672533	0.869444444444444	0.132374709240854	433	182	103	512	403	162	30	20	462
Excretory_gland	Excretory_gland	0.519902965545051	0.508571579514608	0.533533073027925	0.660812034110003	0.640184242866759	0.675473263413679	Rectal cells	NA	1055.8177014531	0.880597378370567	0.893308602240268	2752	1413	4234	2149	7964	676	1793	703	8309	3432	3418	81	1092	3502	2953	3084	7398	7115	414	0.230897936419409	0.588904694167852	0.121123464014043	347	153	51	449	311	122	36	31	382
AIB	AIB	0.520126238594971	0.509443615598515	0.534669308188177	0.651864223387441	0.638140249554325	0.664031626776413	Non-ciliated neurons	IN2	926.155393053016	0.892461398931005	0.900714740910189	2195	1265	3780	1911	6964	462	1698	667	7375	3142	3133	85	987	3069	2604	2614	6678	6459	399	0.234982332155477	0.598200899550225	0.127353973827003	412	210	132	490	395	186	17	24	449
ALA	ALA	0.522219936865437	0.509644332107326	0.536400979987266	0.686036816873198	0.675041388847528	0.695474589756687	Non-ciliated neurons	IN3	1068.77557755776	0.892124602758145	0.903597312097645	2538	1429	4087	2196	7278	473	1620	748	5980	2312	4113	133	1055	3090	3448	2773	5926	6734	520	0.320987654320988	0.695187165775401	0.12642839776319	392	176	101	467	369	156	23	20	424
DD	DD	0.522719095074957	0.509891324751433	0.536404875578153	0.678528234389935	0.668699934963283	0.687415872486197	Non-ciliated neurons	NA	894.598529411765	0.904678279776363	0.907737086642328	1966	1096	3251	1695	7033	508	1599	712	4541	1942	4522	172	969	2332	3633	2324	4748	6714	561	0.350844277673546	0.787921348314607	0.12406015037594	409	231	130	510	385	208	24	23	463
ADEsh	ADEsh	0.523427983128055	0.505743345322323	0.546019964481646	0.609190956747862	0.586826928040026	0.628606514165531	Glia and excretory	NA	1077.62396694215	0.911536358546527	0.909698387974458	1610	799	4722	1878	4708	189	2109	801	22401	4925	2715	53	989	4284	2019	2459	12803	4736	176	0.109316770186335	0.220275344180225	0.0648250460405157	315	173	118	370	297	166	18	7	345
hyp1V_and_ant_arc_V	hyp1V_and_ant_arc_V	0.526498268360552	0.512539337915729	0.541406535076608	0.661012763874762	0.648059073355531	0.673560335161579	Hypodermis and seam	NA	1183.65635738832	0.9156732788407	0.921910372957541	2022	1070	4925	2549	4898	165	1789	863	6089	2607	4155	126	1068	3606	2890	2459	6196	5258	331	0.185019564002236	0.383545770567787	0.0796630565583634	430	321	196	555	392	298	38	23	494
PVP	PVP	0.528082899500689	0.515425769436247	0.544422154780544	0.659508467598846	0.644856366322614	0.671455104467602	Non-ciliated neurons	IN3	860.022869022869	0.878473273805184	0.89879765770479	2207	1179	4055	2077	6811	381	1718	683	7523	2833	3431	100	1025	3322	2846	2572	6815	6351	349	0.20314318975553	0.510980966325037	0.101719615272515	359	126	71	414	330	108	29	18	367
RIG	RIG	0.532776576530196	0.517563160804136	0.549079573878745	0.69923069514763	0.688273964875795	0.710076267683522	Non-ciliated neurons	IN2	995.424175824176	0.885389601774705	0.891306593940953	2649	1473	4624	2551	6483	302	1995	945	5462	2664	4696	153	1285	3354	3743	2987	5671	6230	642	0.321804511278195	0.679365079365079	0.136712095400341	480	198	104	574	452	174	28	24	522
hmc_homolog	hmc_homolog	0.535287109425071	0.535423478982563	0.540617857065102	0.692328649351378	0.692399971295146	0.699380660911324	Muscle and mesoderm	NA	1124.53791130186	0.912274795239455	0.912158392681818	2369	1382	3913	2085	7027	463	1740	890	4223	1852	5265	236	1074	2524	4102	2673	4792	6778	667	0.383333333333333	0.749438202247191	0.126685660018993	315	278	89	504	281	236	34	42	428
Excretory_duct_and_pore	Excretory_duct_and_pore	0.535420459841301	0.505308795204996	0.568853569452707	0.650685772097195	0.636903851708959	0.662175006174886	Rectal cells	NA	1380.09192825112	0.930511072560876	0.914119537664874	1935	1104	3571	1823	6294	352	2076	1012	8372	3367	4042	94	1082	2972	3097	2621	7410	6215	523	0.270284237726098	0.516798418972332	0.129391390400792	383	328	148	563	351	303	32	25	506
hyp1V	hyp1V	0.555891886140832	0.541398657243836	0.573047801238678	0.61074883726205	0.597952472194145	0.622168945474792	Hypodermis and seam	NA	1304.94503546099	0.949955363694755	0.94263145277182	1541	812	2684	1320	6027	456	1345	583	5563	2236	3352	108	673	2020	2549	1984	5386	5886	459	0.341263940520446	0.787307032590051	0.136933174224344	361	333	141	553	330	303	31	30	492
AIN	AIN	0.560032265744985	0.549170509030093	0.573352849372722	0.620455814277575	0.605792528139697	0.633906488916734	Non-ciliated neurons	IN4	842.710970464135	0.884623825358403	0.906186073628874	2144	1215	3706	1961	6557	399	1461	641	6884	3492	2687	75	852	2911	2245	2469	6395	6066	359	0.245722108145106	0.5600624024961	0.133606252326014	460	162	94	528	424	145	36	17	475
AVJ	AVJ	0.562841342287267	0.549238329664092	0.581370013005244	0.588733659763028	0.565972005454644	0.605337682069214	Non-ciliated neurons	IN2	918.054187192118	0.888301919715559	0.906501151462976	2162	1204	3897	2084	6439	357	1338	639	22401	6077	1799	49	808	3597	1511	2430	12803	5932	205	0.15321375186846	0.320813771517997	0.113952195664258	483	201	112	572	447	180	36	21	515
I5	I5	0.574149583972906	0.557775217570402	0.594335348790152	0.567445410951807	0.547771174516567	0.583108863099398	Non-ciliated neurons	NA	883.553846153846	0.893382952892466	0.907252769135766	2009	919	7505	3376	3365	81	1319	632	22401	6037	1759	49	824	6506	1254	2227	12803	3423	62	0.0470053070507961	0.0981012658227848	0.0352472996020466	258	161	74	345	228	151	30	10	305
PVT	PVT	0.578361772916441	0.57893636902889	0.609373826914032	0.579820232688867	0.580414311150906	0.607928851576375	Non-ciliated neurons	IN2	1563.95751633987	0.897222335964102	0.931201761056968	3038	1868	5095	3038	6659	283	1995	949	22401	22401	1359	23	1266	4649	1175	3361	12803	6046	212	0.106265664160401	0.223393045310854	0.155997056659308	540	324	178	686	501	292	39	32	615
AVH	AVH	0.579878641373838	0.568412644247112	0.59310122737664	0.605642772496505	0.588991203758386	0.619970692507777	Non-ciliated neurons	IN3	859.658018867925	0.890617621004253	0.90535804905187	2007	1046	3747	1859	6413	355	1636	644	22401	3350	2592	69	887	3430	2124	2459	12803	5980	307	0.187652811735941	0.476708074534161	0.118441358024691	362	120	62	420	335	104	27	16	377
AVD	AVD	0.587678751123528	0.571772111393512	0.607112145048289	0.570620334488722	0.548504453072306	0.590872756642099	Non-ciliated neurons	IN2	836.569230769231	0.896373711114961	0.910429988509122	1891	987	4006	2005	5033	222	1594	686	22401	5623	1592	38	853	3680	1282	2343	12803	4726	192	0.120451693851945	0.279883381924198	0.120603015075377	373	120	68	425	345	102	28	18	379
AIZ	AIZ	0.600542459194506	0.581607909872244	0.625351372480978	0.546562035080287	0.516923337147872	0.567980063276544	Non-ciliated neurons	IN3	808.783625730994	0.896112560296956	0.920029303441311	2031	1133	3662	1960	5554	305	1181	475	22401	5198	1179	37	685	3376	983	2291	12803	5113	174	0.147332768839966	0.366315789473684	0.147582697201018	460	119	79	500	431	108	29	11	460
FLP	FLP	0.609834261938939	0.592323615863704	0.629127758468433	0.52914324939867	0.50253092219352	0.549786515230904	Non-ciliated neurons	SN3	827.970297029703	0.897329601718866	0.922219250764329	2025	1103	4063	2025	5404	270	1109	559	22401	22401	1108	33	660	3722	927	2238	12803	4963	169	0.15238954012624	0.302325581395349	0.152527075812274	449	106	61	494	412	93	37	13	444
AIA	AIA	0.620245682807859	0.590785654620376	0.666356260998635	0.489212620390339	0.431330684111516	0.523911162967656	Non-ciliated neurons	IN3	1442.64417177914	0.904531268701362	0.93565973581326	2594	1537	5889	3216	5161	147	2040	605	22401	22401	606	16	1081	5341	503	3173	12803	4740	72	0.0352941176470588	0.11900826446281	0.118811881188119	549	135	85	599	516	112	33	23	543
URB_and_possibly_URA	URB_and_possibly_URA	0.627397609499248	0.605474160182513	0.653848937243036	0.486656923684726	0.457107112315332	0.509475201851373	Non-ciliated neurons	IN4	824.067357512953	0.886547983505579	0.924012998208013	2043	1113	3692	1897	6332	362	1187	476	22401	22401	736	24	685	3415	608	2301	12803	5733	144	0.121314237573715	0.302521008403361	0.195652173913043	461	126	66	521	436	109	25	17	479
AUA	AUA	0.676822541912449	0.652025294236722	0.708133282090587	0.433033375954642	0.396530617188948	0.462102628881592	Non-ciliated neurons	IN3	910.099099099099	0.889548646133562	0.941572258726183	2214	1201	4648	2341	5193	208	1291	627	22401	22401	400	14	709	4237	331	2524	12803	4733	107	0.0828814872192099	0.170653907496013	0.2675	535	120	66	589	490	107	45	13	531
DVC	DVC	0.794372972843924	0.764343210724653	0.843147934482833	0.311313001386609	0.254760508017032	0.353852360936343	Non-ciliated neurons	IN2	1059.17610062893	0.891958269156703	0.961685219548542	2399	1383	4346	2307	6307	313	1535	362	22401	22401	113	5	692	3970	94	2890	12803	5672	127	0.0827361563517915	0.350828729281768	1.12389380530973	424	35	3	456	400	21	24	14	418
